{
  Body p=new Body();
  p.x=8.34336671824457987e+00;
  p.y=4.12479856412430479e+00;
  p.z=-4.03523417114321381e-01;
  p.vx=-2.76742510726862411e-03 * DAYS_PER_YEAR;
  p.vy=4.99852801234917238e-03 * DAYS_PER_YEAR;
  p.vz=2.30417297573763929e-05 * DAYS_PER_YEAR;
  p.mass=2.85885980666130812e-04 * SOLAR_MASS;
  return p;
}
