{
  Body p=new Body();
  p.x=4.84143144246472090e+00;
  p.y=-1.16032004402742839e+00;
  p.z=-1.03622044471123109e-01;
  p.vx=1.66007664274403694e-03 * DAYS_PER_YEAR;
  p.vy=7.69901118419740425e-03 * DAYS_PER_YEAR;
  p.vz=-6.90460016972063023e-05 * DAYS_PER_YEAR;
  p.mass=9.54791938424326609e-04 * SOLAR_MASS;
  return p;
}
