{
  Body p=new Body();
  p.x=1.53796971148509165e+01;
  p.y=-2.59193146099879641e+01;
  p.z=1.79258772950371181e-01;
  p.vx=2.68067772490389322e-03 * DAYS_PER_YEAR;
  p.vy=1.62824170038242295e-03 * DAYS_PER_YEAR;
  p.vz=-9.51592254519715870e-05 * DAYS_PER_YEAR;
  p.mass=5.15138902046611451e-05 * SOLAR_MASS;
  return p;
}
